Serial number, Date, Type of Transaction, Description, Transaction Amount, Total,
1,18-05-2000,Credit,Lorem Ipsum 1,16000,16000
2,18-05-2000,Credit,Lorem Ipsum 2,11000,27000
3,20-05-2000,Debit,Lorem Ipsum 4,17000,10000
4,16-07-2000,Credit,Lorem Ipsum 5,12000,22000
5,06-10-2000,Debit,Lorem Ipsum 6,12000,10000
6,27-10-2000,Credit,Lorem Ipsum 7,14000,24000
7,13-11-2000,Credit,Lorem Ipsum 8,19000,43000
8,04-03-2001,Credit,Lorem Ipsum 9,19000,62000
9,07-05-2001,Debit,Lorem Ipsum 10,17000,45000
10,14-05-2001,Credit,Lorem Ipsum 11,16000,61000
11,14-09-2001,Debit,Lorem Ipsum 12,19000,42000
12,14-11-2001,Credit,Lorem Ipsum 13,20000,62000
13,23-11-2001,Credit,Lorem Ipsum 14,20000,82000
14,23-05-2002,Credit,Lorem Ipsum 15,13000,95000
15,28-05-2002,Debit,Lorem Ipsum 16,15000,80000
16,22-06-2002,Debit,Lorem Ipsum 17,15000,65000
17,26-06-2002,Debit,Lorem Ipsum 18,16000,49000
18,15-07-2002,Debit,Lorem Ipsum 19,17000,32000
19,15-08-2002,Credit,Lorem Ipsum 20,20000,52000
20,21-10-2002,Credit,Lorem Ipsum 21,15000,67000
21,17-11-2002,Debit,Lorem Ipsum 22,12000,55000
22,27-11-2002,Debit,Lorem Ipsum 23,12000,43000
23,09-01-2003,Credit,Lorem Ipsum 24,19000,62000
24,13-06-2003,Debit,Lorem Ipsum 25,12000,50000
25,29-07-2003,Debit,Lorem Ipsum 26,13000,37000
26,17-09-2003,Debit,Lorem Ipsum 27,11000,26000
27,29-03-2004,Credit,Lorem Ipsum 28,20000,46000
28,12-06-2004,Credit,Lorem Ipsum 29,15000,61000
29,17-07-2004,Credit,Lorem Ipsum 30,20000,81000
30,31-08-2004,Credit,Lorem Ipsum 31,18000,99000
31,14-11-2004,Credit,Lorem Ipsum 32,18000,117000
32,18-11-2004,Credit,Lorem Ipsum 33,18000,135000
33,05-12-2004,Debit,Lorem Ipsum 34,20000,115000
34,08-02-2005,Credit,Lorem Ipsum 35,11000,126000
35,19-02-2005,Credit,Lorem Ipsum 36,15000,141000
36,13-03-2005,Credit,Lorem Ipsum 37,20000,161000
37,24-07-2005,Credit,Lorem Ipsum 38,15000,176000
38,22-08-2005,Credit,Lorem Ipsum 39,13000,189000
39,05-09-2005,Credit,Lorem Ipsum 40,16000,205000
40,28-02-2006,Credit,Lorem Ipsum 41,18000,223000
41,09-05-2006,Credit,Lorem Ipsum 42,15000,238000
42,31-05-2006,Credit,Lorem Ipsum 43,17000,255000
43,09-06-2006,Credit,Lorem Ipsum 44,20000,275000
44,03-08-2006,Debit,Lorem Ipsum 45,17000,258000
45,13-09-2006,Debit,Lorem Ipsum 46,13000,245000
46,29-10-2006,Credit,Lorem Ipsum 47,16000,261000
47,01-11-2006,Debit,Lorem Ipsum 48,17000,244000
48,06-03-2007,Credit,Lorem Ipsum 49,17000,261000
49,05-04-2007,Debit,Lorem Ipsum 50,15000,246000
50,14-07-2007,Debit,Lorem Ipsum 51,11000,235000
51,11-08-2007,Credit,Lorem Ipsum 52,19000,254000
52,04-09-2007,Credit,Lorem Ipsum 53,18000,272000
53,05-10-2007,Credit,Lorem Ipsum 54,13000,285000
54,15-11-2007,Debit,Lorem Ipsum 55,20000,265000
55,27-11-2007,Credit,Lorem Ipsum 56,15000,280000
56,28-11-2007,Debit,Lorem Ipsum 57,18000,262000
57,13-01-2008,Debit,Lorem Ipsum 58,13000,249000
58,05-04-2008,Debit,Lorem Ipsum 59,15000,234000
59,24-05-2008,Debit,Lorem Ipsum 60,12000,222000
60,16-08-2008,Debit,Lorem Ipsum 61,13000,209000
61,16-10-2008,Debit,Lorem Ipsum 62,16000,193000
62,27-10-2008,Credit,Lorem Ipsum 63,14000,207000
63,09-11-2008,Credit,Lorem Ipsum 64,15000,222000
64,06-03-2009,Credit,Lorem Ipsum 65,11000,233000
65,14-03-2009,Credit,Lorem Ipsum 66,15000,248000
66,09-04-2009,Credit,Lorem Ipsum 67,20000,268000
67,04-06-2009,Credit,Lorem Ipsum 68,12000,280000
68,08-07-2009,Credit,Lorem Ipsum 69,12000,292000
69,17-10-2009,Debit,Lorem Ipsum 70,19000,273000
70,03-11-2009,Debit,Lorem Ipsum 71,11000,262000
